image_width: 640
image_height: 480
camera_name: head_camera
camera_matrix:
  rows: 3
  cols: 3
  data: [480.0456075942316, 0, 328.4887103828126, 0, 478.8971079559076, 249.130831872676, 0, 0, 1]
distortion_model: plumb_bob
distortion_coefficients:
  rows: 1
  cols: 5
  data: [-0.3914272330750649, 0.136309583256524, -0.0008870578061134298, 0.0005048983403991557, 0]
rectification_matrix:
  rows: 3
  cols: 3
  data: [1, 0, 0, 0, 1, 0, 0, 0, 1]
projection_matrix:
  rows: 3
  cols: 4
  data: [379.6504516601562, 0, 333.8606527753182, 0, 0, 425.6796875, 251.1457523563877, 0, 0, 0, 1, 0]