image_width: 640
image_height: 480
camera_name: head_camera
camera_matrix:
  rows: 3
  cols: 3
  data: [607.2899719341872, 0, 332.0274000453248, 0, 603.0529620927523, 170.7091705813268, 0, 0, 1]
distortion_model: plumb_bob
distortion_coefficients:
  rows: 1
  cols: 5
  data: [0.3527004374515632, -0.4300252641780203, -0.01493240498382748, -0.002778756238195155, 0]
rectification_matrix:
  rows: 3
  cols: 3
  data: [1, 0, 0, 0, 1, 0, 0, 0, 1]
projection_matrix:
  rows: 3
  cols: 4
  data: [653.2686767578125, 0, 330.3202339536292, 0, 0, 642.3436279296875, 165.5781050709338, 0, 0, 0, 1, 0]